12
11393 1378 729 5262 7532 7424 4892 10612 12757 2230 6349 0
6619 4278 7319 6219 8133 5628 2070 3275 5180 7563 0
726 79 706 260 686 592 972 772 637 277 219 0
1764 1748 1444 509 733 0
226 116 209 224 35 18 70 197 254 233 29 0
13109 15630 10696 6184 14797 6658 16372 2842 10152 1215 12162 7874 0
1493 584 7 1609 338 927 1231 76 1206 1370 633 731 1352 442 960 0
138 161 437 331 112 133 331 200 0
1089 2934 5299 4753 713 7635 4778 7146 791 291 3875 1094 5112 1160 0
13132 10783 7361 2646 14040 11759 7790 11609 5955 0
139 1362 13828 11922 3538 3311 6135 13043 4736 5019 6213 2644 0
650 550 40 795 1003 20 592 653 480 0