3771568 8433189 3456724
-2204279 6758181 -2458077
-6453536 -8687613 -7951583
-3148103 4259188 -8292545
7140639 4830279 8189379
-4263295 7264294 -5902034
9793721 2573784 1603800
-8685634 -2221480 -9719793
-3617624 -2405257 -1169730
333838 -7087252 5249018
-931421 6684315 3682207
-7474697 -5519963 440389
67226 -1973500 1752775
2115643 4878397 -3988036
3823097 2019036 -9157757
2012476 7755740 8106536
6110441 7549462 680321
-2285759 8863827 8458841
-2005552 -4753796 -3946416
6824718 5580041 -1033668
2073736 -5351379 -4349353
-4244057 -2826076 130683
6196332 7241150 8157183
-2050892 -643207 3035580
3961071 -6820110 -4945383
4803314 5192366 -7189643
2909851 1302808 -9640181
-6409828 9017049 9223646
-7950987 -2988502 -5530149
-1897403 -6163784 -9950107

